81
Çanakkale
3
15 135
28 175
73 172
Çankırı
6
3 138
10 158
22 195
44 112
47 121
50 135
Çorum
7
2 138
9 119
47 175
50 157
67 178
70 157
80 147
Adana
6
37 160
42 167
48 174
58 224
62 117
64 77
Adıyaman
5
27 228
34 148
42 151
55 103
68 115
Afyon
7
23 181
26 199
32 147
39 104
43 151
54 235
77 144
Ağrı
6
21 175
31 202
38 90
46 132
60 173
78 162
Aksaray
5
10 246
52 139
54 141
61 113
62 116
Amasya
4
3 119
67 83
74 109
80 158
Ankara
7
2 158
8 246
22 157
32 173
50 120
52 186
54 251
Antalya
6
23 126
39 157
45 255
54 258
58 324
59 274
Ardahan
3
13 105
31 204
46 100
Artvin
3
12 105
31 156
65 108
Aydın
4
26 138
41 130
56 144
59 113
Balıkesir
5
1 135
24 143
41 181
43 200
56 134
Bartın
3
44 59
47 134
81 82
Batman
5
21 135
27 119
57 106
60 153
69 86
Bayburt
5
30 130
31 150
33 92
65 124
75 94
Bilecik
5
22 186
24 121
32 130
43 135
66 102
Bingöl
6
27 136
29 153
30 179
31 173
60 129
76 136
Bitlis
5
7 175
17 135
60 87
69 88
78 137
Bolu
8
2 195
10 157
19 186
25 61
32 160
44 135
66 127
81 97
Burdur
5
6 181
11 126
26 102
39 118
59 188
Bursa
6
15 143
19 121
43 136
53 145
66 191
79 69
Düzce
3
22 61
66 84
81 82
Denizli
6
6 199
14 138
23 102
56 191
59 133
77 113
Diyarbakır
8
5 228
17 119
20 136
29 128
55 253
57 124
60 211
68 186
Edirne
3
1 175
51 113
73 95
Elazığ
5
20 153
27 128
30 142
55 147
76 73
Erzincan
9
18 130
20 179
29 142
31 256
33 97
35 155
55 212
72 223
76 71
Erzurum
9
7 202
12 204
13 156
18 150
20 173
30 256
46 178
60 154
65 149
Eskişehir
6
6 147
10 173
19 130
22 160
43 172
54 281
Gümüşhane
4
18 92
30 97
35 98
75 81
Gaziantep
6
5 148
37 150
42 123
49 45
64 124
68 197
Giresun
5
30 155
33 98
63 121
72 203
75 140
Hakkari
2
71 166
78 156
Hatay
3
4 160
34 150
64 114
Iğdır
2
7 90
46 129
Isparta
4
6 104
11 157
23 118
54 188
İstanbul
2
53 124
73 156
İzmir
3
14 130
15 181
56 101
Kahramanmaraş
7
4 167
5 151
34 123
48 165
55 151
64 123
72 238
Kütahya
7
6 151
15 200
19 135
24 136
32 172
56 175
77 108
Karabük
5
2 112
16 59
22 135
47 125
81 89
Karaman
3
11 255
54 153
58 85
Kars
4
7 132
12 100
31 178
38 129
Kastamonu
5
2 121
3 175
16 134
44 125
70 136
Kayseri
6
4 174
42 165
61 131
62 161
72 206
80 156
Kilis
1
34 45
Kırıkkale
5
2 135
3 157
10 120
52 85
80 173
Kırklareli
2
28 113
73 84
Kırşehir
5
8 139
10 186
50 85
61 92
80 130
Kocaeli
4
24 145
40 124
66 73
79 95
Konya
9
6 235
8 141
10 251
11 258
32 281
39 188
45 153
58 231
62 234
Malatya
6
5 103
27 253
29 147
30 212
42 151
72 175
Manisa
6
14 144
15 134
26 191
41 101
43 175
77 139
Mardin
5
17 106
27 124
68 200
69 164
71 191
Mersin
5
4 224
11 324
45 85
54 231
62 203
Muğla
4
11 274
14 113
23 188
26 133
Muş
6
7 173
17 153
20 129
21 87
27 211
31 154
Nevşehir
5
8 113
48 131
52 92
62 121
80 137
Niğde
6
4 117
8 116
48 161
54 234
58 203
61 121
Ordu
4
35 121
67 180
72 178
74 120
Osmaniye
4
4 77
34 124
37 114
42 123
Rize
4
13 108
18 124
31 149
75 118
Sakarya
5
19 102
22 127
24 191
25 84
53 73
Samsun
5
3 178
9 83
63 180
70 139
74 140
Şanlıurfa
4
5 115
27 186
34 197
57 200
Siirt
5
17 86
21 88
57 164
71 78
78 178
Sinop
3
3 157
47 136
67 139
Şırnak
4
36 166
57 191
69 78
78 178
Sivas
8
30 223
35 203
42 238
48 206
55 175
63 178
74 140
80 230
Tekirdağ
4
1 172
28 95
40 156
51 84
Tokat
5
9 109
63 120
67 140
72 140
80 182
Trabzon
4
18 94
33 81
35 140
65 118
Tunceli
3
20 136
29 73
30 71
Uşak
4
6 144
26 113
43 108
56 139
Van
5
7 162
21 137
36 156
69 178
71 178
Yalova
2
24 69
53 95
Yozgat
8
3 147
9 158
48 156
50 173
52 130
61 137
72 230
74 182
Zonguldak
4
16 82
22 97
25 82
44 89
